*teamData.txt
*select a team from https://www.baseball-reference.com/teams/
*Enter @Team Name, and following lines copy all columns of "Team Batting" or "Team Pitching" table for desired players
*see playerData.txt to add information to your players
*make sure you put in enough players!


@Cleveland Indians
1    C    Roberto Perez    30    119    449    389    46    93    9    1    24    63    0    0    45    127    .239    .321    .452    .774    99    176    12    4    7    4    1
2    1B    Carlos Santana#    33    158    686    573    110    161    30    1    34    93    4    0    108    108    .281    .397    .515    .911    136    295    13    3    0    2    12
4    SS    Francisco Lindor#    25    143    654    598    101    170    40    2    32    74    22    5    46    98    .284    .335    .518    .854    118    310    13    3    1    6    9
5    3B    Jose Ramirez#    26    129    542    482    68    123    33    3    23    83    24    4    52    74    .255    .327    .479    .806    106    231    8    2    0    6    3
6    LF    Jake Bauers*    23    117    423    372    46    84    16    1    12    43    3    3    45    115    .226    .312    .371    .683    78    138    3    3    0    3    0
7    CF    Oscar Mercado    24    115    482    438    70    118    25    3    15    54    15    4    28    84    .269    .318    .443    .761    96    194    9    5    7    4    0
8    RF    Tyler Naquin*    28    89    294    274    34    79    19    0    10    34    4    2    14    66    .288    .325    .467    .792    103    128    8    2    2    2    2
9    DH    Franmil Reyes    23    51    194    173    26    41    10    0    10    35    0    0    18    63    .237    .304    .468    .772    97    81    3    0    0    3    0
10    CF    Leonys Martin*    31    65    264    236    32    47    7    0    9    19    4    5    21    78    .199    .276    .343    .619    61    81    1    4    3    0    0
11    OF    Jordan Luplow    25    85    261    225    42    62    15    1    15    38    3    2    33    61    .276    .372    .551    .923    136    124    7    2    0    1    0
12    LF    Greg Allen#    26    89    256    231    30    53    9    3    4    27    8    2    11    53    .229    .290    .346    .636    66    80    3    9    4    1    1
13    2B    Mike Freeman*    31    75    213    177    27    49    8    0    4    24    1    2    22    61    .277    .362    .390    .752    97    69    2    4    6    4    0
14    RF    Yasiel Puig    28    49    207    182    25    54    15    1    2    23    5    2    21    44    .297    .377    .423    .800    109    77    4    3    0    1    0
15    C    Kevin Plawecki    28    59    174    158    13    35    10    0    3    17    0    1    12    31    .222    .287    .342    .629    64    54    4    3    0    1    0
1    SP    Shane Bieber    24    15    8    .652    3.28    34    33    1    3    2    0    214.1    186    86    78    31    40    1    259    6    1    6    859    144    3.32    1.054    7.8    1.3    1.7    10.9    6.48
2    SP    Trevor Bauer    28    9    8    .529    3.79    24    24    0    1    1    0    156.2    127    76    66    22    63    0    185    14    0    8    664    124    4.15    1.213    7.3    1.3    3.6    10.6    2.94
3    SP    Mike Clevinger    28    13    4    .765    2.71    21    21    0    0    0    0    126.0    96    38    38    10    37    0    169    2    0    0    499    174    2.49    1.056    6.9    0.7    2.6    12.1    4.57
7    CL    Brad Hand*    29    6    4    .600    3.30    60    0    54    0    0    34    57.1    53    21    21    6    18    5    84    4    0    0    242    144    2.80    1.238    8.3    0.9    2.8    13.2    4.67
8    RP    Tyler Clippard    34    1    0    1.000    2.90    53    3    7    0    0    0    62.0    38    20    20    8    15    0    64    7    0    3    241    163    3.89    0.855    5.5    1.2    2.2    9.3    4.27
9    RP    Nick Wittgren    28    5    1    .833    2.81    55    0    13    0    0    4    57.2    47    22    18    10    15    1    60    0    0    0    231    169    4.17    1.075    7.3    1.6    2.3    9.4    4.00

@Atlanta Braves
1    C    Tyler Flowers    33    85    310    271    36    62    11    3    11    34    0    0    31    105    .229    .319    .413    .733    86    112    8    6    0    2    3
2    1B    Freddie Freeman*    29    158    692    597    113    176    34    2    38    121    6    3    87    127    .295    .389    .549    .938    136    328    17    6    0    2    11
3    2B    Ozzie Albies#    22    160    702    640    102    189    43    8    24    86    15    4    54    112    .295    .352    .500    .852    114    320    2    4    0    4    6
4    SS    Dansby Swanson    25    127    545    483    77    121    26    3    17    65    10    5    51    124    .251    .325    .422    .748    89    204    7    5    1    5    2
5    3B    Josh Donaldson    33    155    659    549    96    142    33    0    37    94    4    2    100    155    .259    .379    .521    .900    127    286    13    8    0    2    2
6    LF    Austin Riley    22    80    297    274    41    62    11    1    18    49    0    2    16    108    .226    .279    .471    .750    86    129    4    5    0    2    3
7    CF    Ronald Acuna Jr.    21    156    715    626    127    175    22    2    41    101    37    9    76    188    .280    .365    .518    .883    122    324    8    9    0    1    4
8    RF    Nick Markakis*    35    116    469    414    61    118    25    2    9    62    2    0    47    59    .285    .356    .420    .776    98    174    11    2    0    6    1
9    C    Brian McCann*    35    85    316    277    28    69    9    0    12    45    0    0    31    53    .249    .323    .412    .734    86    114    10    2    0    6    1
10    IF    Johan Camargo#    25    98    248    232    31    54    12    1    7    32    1    0    15    43    .233    .279    .384    .663    67    89    5    0    1    0    2
11    RF    Matthew Joyce*    34    129    238    200    32    59    10    0    7    23    0    0    38    45    .295    .408    .450    .858    120    90    3    0    0    0    0
12    CF    Ender Inciarte*    28    65    230    199    30    49    11    2    5    24    7    1    26    41    .246    .343    .397    .740    89    79    1    4    0    1    2
13    UT    Charlie Culberson    30    108    144    135    14    35    5    2    5    20    0    1    6    44    .259    .294    .437    .731    83    59    5    1    1    1    0
14    LF    Adam Duvall    30    41    130    120    17    32    4    1    10    19    0    0    7    39    .267    .315    .567    .882    118    68    0    2    0    1    0
15    LF    Rafael Ortega*    28    34    96    88    7    18    3    0    2    10    3    0    8    22    .205    .271    .307    .578    48    27    2    0    0    0    0
1    SP    Mike Soroka    21    13    4    .765    2.68    29    29    0    0    0    0    174.2    153    56    52    14    41    1    142    7    0    3    701    169    3.45    1.111    7.9    0.7    2.1    7.3    3.46
2    SP    Julio Teheran    28    10    11    .476    3.81    33    33    0    0    0    0    174.2    148    81    74    22    83    3    162    14    1    5    754    119    4.66    1.323    7.6    1.1    4.3    8.3    1.95
3    SP    Max Fried*    25    17    6    .739    4.02    33    30    1    1    0    0    165.2    174    80    74    21    47    3    173    5    1    11    702    113    3.72    1.334    9.5    1.1    2.6    9.4    3.68
4    SP    Mike Foltynewicz    27    8    6    .571    4.54    21    21    0    0    0    0    117.0    109    65    59    23    37    2    105    2    0    5    491    100    4.97    1.248    8.4    1.8    2.8    8.1    2.84
5    SP    Dallas Keuchel*    31    8    8    .500    3.75    19    19    0    0    0    0    112.2    115    50    47    16    39    1    91    9    0    6    487    121    4.72    1.367    9.2    1.3    3.1    7.3    2.33
6    SP    Kevin Gausman    28    3    7    .300    6.19    16    16    0    0    0    0    80.0    92    60    55    12    27    2    85    4    0    2    360    73    4.20    1.488    10.4    1.4    3.0    9.6    3.15
Rk    Pos    Name    Age    W    L    W-L%    ERA    G    GS    GF    CG    SHO    SV    IP    H    R    ER    HR    BB    IBB    SO    HBP    BK    WP    BF    ERA+    FIP    WHIP    H9    HR9    BB9    SO9    SO/W
7    CL    Luke Jackson    27    9    2    .818    3.84    70    0    35    0    0    18    72.2    76    34    31    10    26    4    106    2    0    3    315    118    3.24    1.404    9.4    1.2    3.2    13.1    4.08
8    RP    Josh Tomlin    34    2    1    .667    3.74    51    1    21    0    0    2    79.1    82    35    33    14    7    0    51    0    0    2    320    121    4.49    1.122    9.3    1.6    0.8    5.8    7.29
9    RP    Sean Newcomb*    26    6    3    .667    3.16    55    4    4    0    0    1    68.1    61    28    24    8    29    1    65    3    0    4    293    144    4.24    1.317    8.0    1.1    3.8    8.6    2.24
10    RP    Anthony Swarzak    33    1    2    .333    4.31    44    0    1    0    0    1    39.2    38    19    19    6    19    2    35    0    0    1    170    106    4.85    1.437    8.6    1.4    4.3    7.9    1.84
11    RP    Jerry Blevins*    35    1    0    1.000    3.90    45    0    12    0    0    1    32.1    25    15    14    5    16    2    37    2    0    2    141    117    4.61    1.268    7.0    1.4    4.5    10.3    2.31
